1
1 1 0 0 0 0 1 1 0 0
1
0 0 1 0 1 0 1 1 0 0
666242
0 0 0 1 1 1 1 0 0 0
66633
1 1 1 1 0 0 1 1 0 0
2132
0 1 0 0 0 0 1 1 1 0
881166
0 0 0 0 1 0 0 0 0 0
19536
0 1 0 1 1 0 0 1 0 0
17743
1 1 0 1 0 0 0 0 0 0
980003
1 1 0 1 1 1 1 1 0 1
474936
1 0 1 1 0 1 0 0 1 1
802800
0 0 0 0 0 0 0 0 0 1
89991
1 0 1 1 0 0 1 0 0 0
20222
0 0 0 0 0 0 1 0 0 0
85536
0 0 0 1 0 0 0 0 0 1
9333
0 0 0 0 0 1 0 0 0 0
378125
1 0 1 0 0 0 0 0 0 0
440040
0 1 1 1 1 0 0 0 1 0
11131
1 0 0 1 1 1 1 0 0 1
6990
1 1 0 1 1 0 1 1 1 1
876496
0 1 0 0 0 0 0 0 0 1
17991
0 0 0 1 0 0 0 0 1 0
8838
0 1 1 1 0 1 1 0 0 0
100914
0 0 1 0 0 0 0 0 1 1
929822
0 1 0 0 0 0 0 0 1 0
1584
1 1 1 0 0 0 1 0 0 0
2
0 1 0 0 0 0 0 1 0 0
7117
0 0 1 0 1 0 0 0 1 0
44448
0 0 1 1 0 1 0 1 0 1
285846
0 1 0 1 0 0 0 1 0 1
229632
0 0 1 1 1 0 0 0 1 1
114004
1 0 0 1 1 0 0 0 0 0
3
0 0 0 0 1 1 0 0 0 0
45444
0 0 0 1 0 0 0 0 0 0
98901
1 0 0 1 0 0 1 0 0 1
89239
0 1 0 0 1 1 1 1 1 1
468617
0 1 0 0 0 0 0 0 0 1
199191
1 0 0 1 0 0 1 0 0 0
654480
0 0 1 0 0 0 1 0 0 0
222666
0 0 0 0 0 1 0 1 0 0
290625
1 1 0 0 1 0 0 0 0 0
4
0 0 1 0 1 1 0 1 1 0
245282
0 0 0 0 1 0 0 0 0 0
78144
0 0 0 0 0 0 0 0 0 1
891
1 0 0 0 1 0 1 0 1 1
968469
1 1 1 1 1 0 1 1 1 1
11763
0 1 0 0 0 1 0 1 0 1
55959
1 0 0 1 0 0 1 0 0 0
606
